toxic: [8.68825693e-02 5.65279957e-02 6.25625035e-02 6.66649168e-02
 3.75495794e-02 6.87368146e-02 1.10840987e-01 7.64723314e-02
 6.10499806e-02 2.25902182e-02 2.09446000e-02 7.80209983e-03
 4.91168556e-03 1.65947222e-03 7.39621159e-03 1.21859231e-02
 3.70552881e-03 1.17649359e-01 3.60054821e-03 2.89731698e-03
 1.40630651e-03 3.03455748e-02 2.16104382e-03 2.98179540e-02
 2.35740420e-03 3.55340031e-02 8.47767975e-04 1.10818776e-03
 1.97515179e-03 2.85306194e-03 2.86632314e-04 4.56820354e-04
 7.41975048e-04 2.66749327e-03 4.55949355e-03 3.84485523e-03
 8.01916336e-03 8.39375142e-03 7.50759059e-03 5.61239989e-06
 4.86018011e-06 3.21653470e-05 2.24386905e-02 3.79838852e-06]

severe_toxic: [1.05687374e-01 6.33186507e-02 7.29676260e-02 7.42970796e-02
 4.33599229e-02 8.94730857e-02 1.07033035e-01 9.08200735e-02
 2.63613991e-02 1.83922704e-02 5.82636043e-03 8.38824688e-03
 8.55314686e-03 4.64961715e-03 7.33716902e-03 4.62144019e-03
 7.18002927e-03 8.99319293e-02 3.37955060e-03 5.01513571e-03
 2.02974880e-03 2.01675231e-02 5.47601719e-03 1.76323102e-02
 3.88702827e-03 1.45139269e-02 4.44239945e-04 5.63582915e-04
 8.08776651e-04 8.93847112e-03 6.39165219e-05 4.78772310e-04
 7.08492562e-04 1.28589069e-02 3.51018922e-03 5.63443113e-03
 1.26513627e-02 9.00477500e-03 6.14934238e-03 6.05330088e-05
 1.88967054e-04 1.30972970e-04 3.74570424e-02 4.75285020e-05]

obscene: [5.59958748e-02 4.21576217e-02 4.43344402e-02 5.16803993e-02
 2.86308368e-02 6.03705052e-02 7.32048664e-02 5.73045698e-02
 1.03742657e-01 2.38658695e-02 7.51846474e-03 3.06757937e-03
 2.90218697e-03 1.74663297e-03 1.15990681e-02 4.34325888e-03
 2.24927685e-03 2.12383581e-01 2.69644678e-03 2.42833022e-03
 8.01722370e-04 3.90110774e-02 1.71725027e-03 4.67576987e-02
 1.35833803e-03 4.38503434e-02 5.95168320e-04 6.75685823e-04
 1.31734264e-03 6.28479243e-03 2.03119145e-04 4.11975548e-04
 3.23018719e-04 3.08977753e-03 2.64277337e-03 2.65102619e-03
 6.27308502e-03 7.38656134e-03 3.38875951e-03 5.36903935e-06
 4.84974896e-05 1.56543105e-04 3.88133213e-02 1.42869543e-05]

threat: [1.03147837e-01 6.95127160e-02 1.09302091e-01 8.13263368e-02
 5.58684678e-02 8.76724297e-02 1.32368843e-01 8.63740854e-02
 1.00801863e-02 6.17528298e-03 3.77523488e-03 8.28766550e-03
 3.30521579e-02 2.32247064e-03 4.59192589e-03 3.86436652e-03
 7.75253687e-03 2.12500717e-02 1.65733797e-02 4.15620053e-03
 3.58465306e-03 5.47795076e-03 1.68874126e-02 9.85291340e-03
 2.21729958e-02 7.99275669e-03 3.76320337e-04 4.34741246e-04
 1.40265309e-03 2.66513383e-03 6.49278706e-05 9.85444169e-04
 3.23965556e-03 6.16910734e-03 5.32478825e-03 2.54272045e-02
 1.43419297e-02 8.05468965e-03 8.47431556e-03 2.62509966e-05
 1.00041702e-07 1.01911647e-03 5.65088511e-03 2.91976783e-03]

insult: [8.35675876e-02 5.89760814e-02 6.41933563e-02 6.51446245e-02
 3.83789033e-02 7.56409853e-02 1.06825721e-01 7.23061229e-02
 6.05809251e-02 2.93230461e-02 1.81679556e-02 5.89168255e-03
 4.06500954e-03 2.88708543e-03 1.22833944e-02 9.64148409e-03
 3.83307618e-03 1.28345114e-01 3.64945970e-03 4.07848791e-03
 1.41037243e-03 3.01155932e-02 2.62146662e-03 2.23417824e-02
 2.15736996e-03 2.16604439e-02 5.98772344e-04 9.23654306e-04
 1.33357248e-03 4.58474047e-03 2.51660294e-04 5.98542992e-04
 6.32246125e-04 4.98905862e-03 2.63370861e-03 3.43682127e-03
 8.17509946e-03 9.07237304e-03 4.98120434e-03 4.93296366e-05
 1.09393173e-04 5.75569789e-05 2.94711142e-02 1.40201484e-05]

identity_hate: [0.09423202 0.07630372 0.07453821 0.07346221 0.04271251 0.07940829
 0.11889187 0.07923961 0.0107389  0.05793811 0.00449497 0.0556618
 0.00722573 0.04913055 0.02461751 0.00441783 0.00454972 0.02679665
 0.00359898 0.00481372 0.00870737 0.00745528 0.00395464 0.00948519
 0.00359955 0.00807655 0.00049361 0.00082817 0.00090957 0.00418925
 0.0007061  0.00042873 0.00197956 0.00500581 0.00780568 0.00358974
 0.0117662  0.01281143 0.00554747 0.00027726 0.00098048 0.00119137
 0.00722625 0.00021183]

